1411858430100246568
1388187517878009926 
1437194493643194378 
1438000668865466488 
1439060990913413242 
1441918697064108195 
1445021074747031622 
1440827096749572136 
1443697534580293805 
1443697447531450518 
1437180768810963036 
1437180114503995402 
1437184507907145778 
1443212434637590548 
1437991394970042368 
1437982274703593542 
1441976822618263604 
1437991376490074133 
1438222529818001549 
1438224293526900756 
1460797814941552662 
1460359347598004447 
1343060605787045989 
1438327047398232134 
1439819289333993554 
1437180493824262224 
1439057576682590239 
